["assignment", [1, 6, 3, 5, 1, 7, 1, 3, 2, 9, 1, 1, 9, 3, 7, 1, 5, 6, 3, 1, 6, 1, 5, 1, 5, 3, 1, 0, 1, 5, 1, 3, 1, 2, 1, 5, 9, 6, 5, 1, 4, 6, 1, 1, 5, 6, 7, 8, 1, 9, 1, 6, 3, 9, 5, 3, 5, 5, 0, 0, 3, 1, 5, 5, 3, 1, 1, 1, 3, 5, 5, 1, 3, 6, 4, 9, 0, 6, 5, 2, 3, 3, 7, 5, 3, 5, 6, 1, 1, 3, 5, 3, 3, 2, 1, 5, 5, 1, 1, 8, 3, 3, 0, 1, 5, 6, 1, 3, 8, 1, 1, 5, 3, 5, 1, 9, 5, 5, 3, 2, 4, 1, 6, 9, 0, 3, 7, 7, 9, 5, 1, 2, 1, 1, 3, 5, 3, 1, 3, 1, 1, 3, 1, 3, 1, 1, 0, 2, 2, 3, 6, 6, 2, 5, 1, 8, 2, 5, 3, 0, 5, 2, 5, 9, 3, 5, 1, 2, 5, 1, 1, 5, 3, 6, 5, 9, 3, 3, 3, 3, 1, 1, 5, 3, 1, 3, 1, 5, 1, 3, 3, 6, 3, 0, 8, 6, 1, 3, 1, 9, 3, 1, 1, 3, 1, 3, 0, 5, 3, 1, 9, 6, 6, 5, 3, 1, 5, 2, 3, 9, 5, 2, 5, 5, 1, 5, 3, 5, 5, 6, 3, 5, 5, 3, 0, 3, 5, 5, 5, 5, 1, 2, 2, 3, 6, 8, 8, 1, 6, 1, 1, 5, 5, 1, 3, 3, 7, 5, 5, 7, 1, 0, 1, 1, 3, 5, 5, 6, 1, 5, 1, 5, 1, 1, 5, 3, 5, 5, 3, 5, 5, 5, 1, 5, 3, 1, 1, 9, 1, 5, 1, 1, 5, 7, 3, 5, 4, 3, 3, 3, 1, 1, 3, 1, 5, 1, 5, 1, 5, 1, 6, 6, 0, 1, 1, 6, 8, 5, 3, 1, 3, 6, 6, 1, 3, 5, 9, 6, 1, 3, 3, 1, 5, 1, 6, 5, 6, 6, 1, 5, 5, 6, 5, 5, 6, 5, 9, 1, 5, 1, 1, 5, 3, 8, 3, 5, 5, 1, 5, 1, 2, 5, 3, 1, 1, 5, 1, 3, 1, 0, 6, 6, 1, 3, 1, 9, 3, 1, 5, 7, 5, 1, 3, 1, 1, 3, 1, 3, 5, 5, 2, 5, 1, 2, 2, 1, 1, 7, 5, 3, 3, 9, 3, 1, 9, 1, 9, 1, 1, 2, 7, 5, 6, 6, 3, 5, 3, 9, 4, 1, 6, 1, 3, 1, 1, 1, 6, 3, 1, 1, 2, 1, 3, 1, 0, 3, 1, 0, 5, 3, 5, 5, 3, 5, 2, 3, 1, 1, 5, 3, 5, 1, 0, 1, 6, 3, 1, 1, 1, 1, 3, 0, 6, 6, 3, 3, 6, 1, 3, 3, 5, 1, 4, 5, 6, 7, 3, 3, 5, 1, 1, 1, 6, 2, 3, 6, 3, 3, 3, 1, 3, 5, 2, 1, 1, 1, 1, 6, 1, 5, 5, 6, 1, 5, 3, 1, 5, 9, 1, 7, 2, 9, 6, 5, 5, 3, 9, 1, 5, 1, 1, 5, 9, 5, 1, 1, 5, 3, 8, 3, 3, 1, 1, 5, 1, 1, 1, 6, 3, 5, 1, 1, 1, 3, 6, 5, 5, 2, 3, 1, 1, 5, 3, 1, 5, 1, 9, 1, 5, 3, 5, 9, 7, 1, 3, 1, 1, 8, 9, 5, 5, 1, 2, 3, 5, 1, 1, 3, 3, 8, 5, 5, 1, 1, 5, 0, 5, 0, 1, 9, 3, 1, 1, 1, 7, 5, 1, 5, 3, 9, 5, 7, 1, 5, 1, 5, 1, 5, 4, 4, 0, 3, 5, 6, 1, 6, 1, 5, 3, 3, 1, 3, 1, 3, 3, 1, 6, 5, 3, 1, 5, 1, 3, 1, 3, 9, 5, 6, 5, 3, 5, 5, 1, 5, 5, 1, 1, 5, 1, 3, 3, 5, 3, 4, 1, 3, 1, 7, 4, 1, 1, 1, 6, 3, 7, 4, 9, 3, 5, 3, 5, 3, 8, 1, 1, 6, 1, 1, 5, 6, 1, 1, 1, 1, 1, 5, 5, 8, 9, 6, 5, 6, 5, 6, 5, 1, 1, 0, 5, 1, 6, 1, 5, 1, 1, 1, 1, 1, 5, 1, 7, 2, 5, 1, 1, 0, 5, 6, 1, 3, 3, 3, 3, 7, 4, 1, 5, 0, 1, 1, 3, 0, 7, 1, 6, 5, 9, 6, 1, 5, 8, 1, 2, 1, 3, 3, 3, 5, 9, 1, 1, 5, 1, 3, 1, 3, 1, 1, 5, 5, 5, 9, 1, 5, 5, 1, 1, 5, 5, 1, 3, 3, 3, 1, 1, 5, 9, 5, 5, 5, 5, 3, 3, 1, 5, 1, 3, 7, 8, 3, 5, 1, 6, 3, 3, 5, 3, 5, 5, 6, 3, 5, 1, 2, 1, 2, 1, 5, 1, 1, 1, 2, 5, 5, 1, 1, 3, 2, 5, 5, 5, 1, 1, 2, 5, 3, 1, 5, 5, 3, 6, 1, 5, 6, 1, 5, 1, 5, 5, 5, 6, 5, 1, 5, 5, 3, 1, 2, 5, 2, 6, 1, 1, 1, 1, 1, 1, 5, 5, 2, 3, 3, 6, 5, 1, 1, 1, 5, 3, 1, 6, 3, 3, 1, 5, 5, 1, 5, 3, 5, 3, 3, 6, 6, 2, 2, 6, 5, 1, 3, 2, 1, 1, 1, 5, 3, 3, 3, 1, 1, 1, 3, 3, 3, 1, 6, 5, 5, 1, 5, 5, 1, 8, 5, 3, 3, 3, 4, 1, 2, 4, 8, 3, 3, 0, 2, 5, 1, 1, 5, 9, 1, 0, 3, 3, 5, 3, 3, 9, 3, 5, 3, 3, 5, 5, 4, 1, 9, 8, 1, 3, 6, 1, 5, 1, 2, 1, 5, 3, 6, 5, 5, 0, 0, 6, 1, 2, 6, 1, 5, 5, 5, 1, 5, 2, 6, 1, 5, 5, 1, 1, 3, 1, 1, 6, 3, 3, 6, 5, 1, 1, 5, 1, 5, 8, 7, 5, 1, 5, 5]]
["membership_first_100", [[0.007702238712379529, 0.2865694649015818, 0.0546638739223306, 0.2318281138436307, 0.019033283565564548, 0.14143133486645784, 0.13910031416367807, 0.021955202363429512, 0.047715720269655384, 0.05000045339129219], [0.001975387919292147, 0.011171782140182981, 0.002619281861122753, 0.023388103116444636, 0.0036433740089367285, 0.0018192635568525075, 0.8877458929084785, 0.004720738792195065, 0.062286981858206504, 0.0006291938382880275], [0.0010495316773904706, 0.03997134515503855, 0.030511711977427254, 0.6248281384967765, 0.02656570161729805, 0.04150235491229152, 0.04302344517438647, 0.03276982798312304, 0.09805326520548159, 0.0617246778007864], [0.001291672251432635, 0.05379069501274924, 0.009936089408900015, 0.1739807359484689, 0.010465945079719204, 0.6225095541014521, 0.053245765035549376, 0.00999610438297138, 0.05128972911139194, 0.01349370966736516], [0.007609347259577457, 0.5912504725787235, 0.006256737553669066, 0.13378803375393786, 0.013689568236620228, 0.05144850525763257, 0.15352959710026426, 0.004037625688369534, 0.033994528121879426, 0.004395584449326179], [0.0007299381478761185, 0.023880774551165756, 0.04732985442219839, 0.23505825095951594, 0.11097241976463228, 0.0762737923626724, 0.029016376625731186, 0.29900903570133874, 0.07059291594688795, 0.10713664151798112], [0.010344885357516672, 0.4130213901650614, 0.01532045171552706, 0.23571653684396054, 0.01917823344298038, 0.06845013892086335, 0.17420875112851913, 0.010519289470640236, 0.033394016696787494, 0.01984630625814372], [0.0006457639517856701, 0.01857458328137226, 0.04330009152642733, 0.5427892697099622, 0.029670377848412748, 0.05923490616694536, 0.03978222719144948, 0.02883386840585863, 0.20830382451699941, 0.02886508740078684], [0.0011811139122455093, 0.1213052490603061, 0.5684620770804701, 0.09808241365475946, 0.019421260130432143, 0.050192652083099906, 0.045856117235592846, 0.023701529566523438, 0.051214653709327845, 0.020582933567242473], [0.00031566897374574307, 0.022981925745041053, 0.008046250025502478, 0.07799260500186152, 0.02042248547516057, 0.012106024846748838, 0.018506202660855987, 0.030211904858233187, 0.051601370788669824, 0.7578155616241808], [0.006607752906135756, 0.4476435046983845, 0.00961230742415597, 0.16435903063971033, 0.015028647276901884, 0.03812838084907134, 0.25751959114349476, 0.00828114496240175, 0.03258632970623675, 0.020233310393507], [0.0021827126000698565, 0.5283576863273669, 0.013102128916695719, 0.08322277281092548, 0.004996230911256682, 0.01917870057341039, 0.27802216836130855, 0.009439716856126141, 0.04503167210602506, 0.016466210536815233], [0.0005959628960632956, 0.055001645460455495, 0.05360859879327114, 0.32395087894082425, 0.03539517458160352, 0.028573868495953822, 0.036955194810623745, 0.0547447496400511, 0.06402634214117484, 0.34714758423997877], [0.00043283010121104924, 0.019221722670419255, 0.022610327725170947, 0.5284098381126294, 0.018575126699964334, 0.06094768876176045, 0.048302579173962926, 0.02863829700936251, 0.23275859935856852, 0.040102990386950615], [6.798959118962367e-05, 0.008661055075263904, 0.015098341156036366, 0.06453200918964302, 0.016986538470026104, 0.010777189163156608, 0.016734550167383767, 0.7471557637283305, 0.06031421728908668, 0.05967234616988344], [0.0245691492304536, 0.5017503515662994, 0.008350770478011346, 0.17703075956522582, 0.0358475573104392, 0.03875844842593286, 0.1806543265141397, 0.0035636129507307466, 0.019226890572474755, 0.010248133386292803], [3.849378461289139e-05, 0.007314075900459377, 0.0039251798115615055, 0.02593011144718442, 0.0037220541799926382, 0.8781554656046231, 0.012745536807522145, 0.004847474195128559, 0.06206949022338185, 0.0012521180455334299], [0.00028385707183785743, 0.05923849839077288, 0.00314534727833956, 0.049917692495651256, 0.0028317660313469527, 0.004160447264824645, 0.8241629687932981, 0.0037120425216713173, 0.05226677439471682, 0.00028060575754071295], [0.0006684056957064823, 0.025343495293467497, 0.029436639880080863, 0.6671614107963703, 0.02518371516232223, 0.049257987199776254, 0.04789315337723559, 0.029228804471741362, 0.09245137782154866, 0.033375010301750704], [0.0015619599480688467, 0.5551367758643829, 0.01644097904082102, 0.09617641025262386, 0.0044664215843547486, 0.009632066356750953, 0.23284029590547944, 0.01833898947135112, 0.04534727927342646, 0.020058822302740628], [0.0011882534043632282, 0.2347746890195819, 0.003390952390426467, 0.16966553360404377, 1.845442201828582e-14, 0.04287257060815658, 0.5368114167275707, 3.279308147281424e-05, 0.009636785801702746, 0.0016270053626633218], [0.013219081875276999, 0.658940383488982, 0.01206415221217412, 0.15545229413769793, 0.009017057768349409, 0.02788010163083521, 0.015227314952947978, 0.044959090327516264, 0.00860449871713716, 0.054636024889082875], [6.360408852011003e-05, 0.00893909921274731, 0.005596124827177896, 0.029004175651868757, 0.0038882392131970906, 0.8710004485229389, 0.013645313220765665, 0.004970349725813283, 0.06174794736025707, 0.001144698176713932], [0.01614443401927831, 0.41761936281996465, 0.011530767202718112, 0.18199522009962504, 0.028073020119356164, 0.04090752220657314, 0.2526017327054293, 0.006469575733799934, 0.032904416347341786, 0.011753948745913567], [0.0001581120130632083, 0.007804372040270811, 0.004953723594058727, 0.023911115083620413, 0.003949417698256925, 0.8776394919814106, 0.012844647327910616, 0.004900468522995086, 0.06238477925440493, 0.001453872484008882], [0.0005595402847832912, 0.0219049650267623, 0.02857971485710035, 0.6457262680313773, 0.02375174649822073, 0.053456810310891834, 0.04109764082857965, 0.026194145700302807, 0.1287852709358708, 0.029943897526110923], [0.0012028486869432127, 0.5434689998081867, 0.015183466576010683, 0.09036120052133359, 0.009341914674631885, 0.013123477527599977, 0.1959796169813249, 0.05626001603865945, 0.044293809316582486, 0.03078464986872692], [0.8701358807320498, 0.01272058912995207, 0.0024931233353698147, 0.024439031600226355, 0.00357861757618541, 0.0018557293585498371, 0.017639554742370594, 0.004891296476461808, 0.061710228921839666, 0.0005359481269945459], [0.0018220093703353501, 0.5836955791384922, 0.012306014371088443, 0.07862511890181346, 0.0027823054788134937, 0.00872973843404821, 0.24132663747547553, 0.010105131187807691, 0.04556360565455918, 0.015043859987566348], [0.00013929959354097292, 0.009811937964960589, 0.008154360124437404, 0.03048449585232832, 0.004301068728822403, 0.8639344109810954, 0.014068764252492365, 0.005238952614241974, 0.061801090369521104, 0.002065619518559541], [0.008981305442659975, 0.4202436730193474, 0.011362748889585465, 0.181192149236875, 0.017338351699248047, 0.14474264944260273, 0.14243431426693032, 0.009419370905617017, 0.048952196795524434, 0.015333240301609721], [0.0005393065339508812, 0.01961273730861002, 0.04466645574091597, 0.5866762582849554, 0.03604263051360325, 0.039334038797061606, 0.03399186950247666, 0.029830084842465802, 0.17821997012166224, 0.031086648354298075], [0.002290150214617402, 0.5431915970473078, 0.012449242838121278, 0.09046296395033232, 0.0039303175678302524, 0.014712496572673046, 0.2603944604208726, 0.0117850157165674, 0.044558309407886264, 0.01622544626379164], [0.0003084135447393486, 0.01654434441932594, 0.7158664753909096, 0.0818901460051123, 0.01922914991245599, 0.04849468806715642, 0.021447376170736835, 0.01908204567334113, 0.05835027526725186, 0.018787085548970413], [0.006530116686172342, 0.44858471470913003, 0.012942779407544402, 0.15900793591894494, 0.015333157266767223, 0.10236596050199676, 0.17650334690040595, 0.009945897327805837, 0.05487198537527984, 0.013914105905952762], [7.485527909629435e-05, 0.006734020982090132, 0.005418990931271677, 0.02379642538464317, 0.004189957419630279, 0.8768301753415834, 0.01372383892887778, 0.004982872380580174, 0.06264237509700667, 0.001606488255220393], [1.8200604773136157e-05, 0.0074813048668207665, 0.0033438574102799953, 0.030704788210676414, 0.005194895184374318, 0.0027583009049186005, 0.012493320269882613, 0.009429020191225315, 0.06059782643581295, 0.8679784859212358], [0.00014835740055860105, 0.007393297865238991, 0.002737264368141199, 0.023628806643668877, 0.004187453610952174, 0.0016325998725740445, 0.8926341717581117, 0.004749107583996037, 0.06234692728309582, 0.0005420136136626328], [0.00012691966100118233, 0.006079716646719986, 0.007333023530122166, 0.0200690170733304, 0.004403449518142093, 0.8783505049319787, 0.012964193410146324, 0.005138362606535028, 0.06321120366998859, 0.0023236089520355797], [0.018655130902033915, 0.6961555673233761, 0.011917533145295414, 0.14473165280142852, 0.006519828396622282, 0.022508334896417802, 0.003895399753776917, 0.04041253512538725, 0.00679298177429467, 0.04841103588136701], [0.00043804298363006225, 0.012116334997364333, 0.006777862479130454, 0.06040153331077274, 0.7928516350733733, 0.006580939089451685, 0.016073338204380914, 0.01761279226885904, 0.07912201088898428, 0.008025510704053222], [0.00010575533198419607, 0.006117040338889179, 0.002419591412545959, 0.02144628479190702, 0.0035649382704322943, 0.0014101580269302214, 0.8975551645457387, 0.0044829970782069494, 0.06255701406429093, 0.0003410561390745065], [0.002641639994297332, 0.7905980018203255, 0.0057747002406391265, 0.05864415877338665, 0.006444251561873955, 0.012571175245995606, 0.04691887266037991, 0.011533831236841714, 0.05796751832400227, 0.006905850142257921], [0.002531244321617049, 0.8398797436431231, 0.003535003775069306, 0.03950600329539011, 0.004645539585128367, 0.008303492744297177, 0.0333238412592748, 0.005619589364919727, 0.059652486554790794, 0.0030030554563894767], [0.00021760891290586708, 0.005892193169807152, 0.010305571177901712, 0.019207128212610478, 0.005331882570783623, 0.8742897222723091, 0.01208239962448798, 0.00550087202252446, 0.06354987817370027, 0.0036227438629693187], [0.00021945333265482338, 0.007893177375874872, 0.0024877857918301346, 0.022532472688961136, 0.0035743406729295876, 0.0016208188584852627, 0.8945297353233855, 0.004429406437382714, 0.06233794030855246, 0.00037486920994352443], [3.5859733006773357e-07, 0.0060456029816393616, 0.0024639723695018038, 0.021807018919286283, 0.0035306596721321392, 0.0014260296470587006, 0.013597520299652487, 0.8866749493033073, 0.06263926705141624, 0.0018146211586756056], [4.753140780310272e-07, 0.006070961637722806, 0.0024470575832613094, 0.022163568893366355, 0.0032888938430182574, 0.0013809470106742661, 0.011816594776248827, 0.004603456941587037, 0.9477722893674295, 0.0004557546326135461], [0.007518072830386107, 0.4831877709950984, 0.012821086357069683, 0.13228983748371106, 0.011887390246763234, 0.07891717162627429, 0.2078595517319926, 0.008856436471208972, 0.04374017047516125, 0.012922511782334353], [0.0013060878530911472, 0.07933334166563186, 0.028581578888865068, 0.19709592243034454, 0.0590033896844586, 0.049309420173205123, 0.02949967736742319, 0.07814573897881863, 0.03997784078211966, 0.4377470021760422], [0.0220232262557664, 0.4930031169867155, 0.007752626294183162, 0.16795860800506138, 0.037889786361967506, 0.03311414039379707, 0.20420290567628463, 0.003313227153313129, 0.020851846516601623, 0.009890516356309761], [0.0001343083789313936, 0.009999711438575247, 0.002968371174850869, 0.02582187610930376, 0.004335551331978356, 0.0025042618091212824, 0.8782558440326935, 0.011726838024780929, 0.06377927055964996, 0.0004739671401147933], [0.007758384488376447, 0.2856235568546996, 0.02174639530317237, 0.31728514865516466, 0.04183139526259737, 0.06373155279828142, 0.1823850291049145, 0.017318661277062226, 0.03821583407425291, 0.02410404218147853], [0.0003704957952143119, 0.020599729822388124, 0.01990593093967015, 0.2199650171740509, 0.024141901703483057, 0.026370457550590757, 0.01824844082374692, 0.08917143211556663, 0.02220738576493165, 0.5590192083103576], [0.0004966012505161482, 0.04178822326319121, 0.02014220507797273, 0.2526724418732216, 0.013790534215544305, 0.5330619275590481, 0.05878693017641116, 0.014535340879009888, 0.042469416544772966, 0.022256379160312024], [0.0007284856336574492, 0.03076572197092059, 0.025450795959068066, 0.5236141503251007, 0.022811823723719076, 0.08461756336859665, 0.04732868098910684, 0.03179456919388111, 0.18962341969110572, 0.04326478914484367], [8.190725080381661e-05, 0.006772877804282455, 0.005599869592118539, 0.023041237953192448, 0.004062604430640063, 0.8787396774072901, 0.012408813870661986, 0.0049939381258586775, 0.06263033187882143, 0.001668741686330604], [8.851676922512924e-05, 0.007346149212089285, 0.00650540465903427, 0.029737316574594178, 0.004289657904387059, 0.8693465014215402, 0.013549972616120223, 0.005220480849614205, 0.06195218435376051, 0.0019638156396347525], [0.8236673839457086, 0.023474090695187366, 0.004188837511865724, 0.043904811183112305, 0.00418417623537155, 0.00879465180315196, 0.01769003884538299, 0.006209618846285024, 0.060896330621224945, 0.0069900603127094054], [0.8635247478252981, 0.014907673064892595, 0.002573427209062419, 0.025269857725452347, 0.003862378042711662, 0.002083482708145211, 0.02080609664063486, 0.004879522403681315, 0.061549086302478045, 0.0005437280776434969], [0.0008021227730705652, 0.02960308616718798, 0.023672528076929926, 0.6284405130352447, 0.031619171378950255, 0.027039892380172237, 0.028867196006815282, 0.03641211994465974, 0.09754438085213189, 0.09599898938483745], [0.013268426855886202, 0.6841375200100847, 0.01143234330416584, 0.14946580589036498, 0.00803109356480382, 0.024632293461030214, 0.009667484978308749, 0.04148924495164228, 0.007335952518255535, 0.05053983446545789], [5.654558976056223e-05, 0.00840764839809105, 0.004811217501516516, 0.030590437406894197, 0.004031175619835075, 0.8700385891965453, 0.0135803427927503, 0.005307583477139348, 0.06154147583461033, 0.001634984182857403], [0.00011523063877766487, 0.006602724708438962, 0.006602466306829213, 0.020847968070065198, 0.004232401901115329, 0.8792556184218714, 0.012240389268097425, 0.005043194958157957, 0.06299002750662294, 0.002069978220023923], [0.0017608850049714894, 0.05846712802417152, 0.04175385657886203, 0.633605859248652, 0.036090893292428095, 0.03894854332847352, 0.06091158282751902, 0.030046352893502694, 0.0560658085430294, 0.04234909025839036], [0.002347169865610437, 0.8345924834460869, 0.003767874154903542, 0.04322816911196807, 0.004794827203628203, 0.007461799292315269, 0.033836205053750935, 0.00656332122529093, 0.0598499342165726, 0.0035582164298730476], [0.002392903768060673, 0.7947801265408811, 0.005754481687917264, 0.05319283113487988, 0.0052104410627197735, 0.010150487119878517, 0.06011857727008672, 0.006115271306526285, 0.05829694454749606, 0.0039879355615537624], [0.0016693311933505366, 0.5703020038055605, 0.0126844804204128, 0.0918469698582535, 0.0030806407347382177, 0.00796293681313474, 0.2313450918495726, 0.01204797331629693, 0.04289063328975347, 0.02616993871892675], [0.000879086126060327, 0.027608058862485615, 0.027429221339663776, 0.5819553504285678, 0.025475738222343777, 0.07939018537061918, 0.043424190383763654, 0.023416817826947857, 0.14931064567299762, 0.04111070576655045], [5.2783263695815576e-05, 0.007752781273685723, 0.0051328787262801875, 0.03176417561442743, 0.0042985649851562035, 0.8686697925826585, 0.013437060959989845, 0.005160986423811811, 0.06159933384151479, 0.002131642328779712], [0.0009861528653577866, 0.023197979484484654, 0.001459971363966435, 0.06887744837094728, 0.003190926573178722, 0.8208475188695067, 0.020952807280781326, 0.004818789589778172, 0.05355229946126426, 0.002116106140734732], [0.00572669111846755, 0.36237020353537425, 0.01633219890424702, 0.20710053522897612, 0.013585147684121134, 0.09820947626821652, 0.22151166361674932, 0.01185165814998883, 0.040441886782937, 0.022870538710922324], [0.000578926947306886, 0.022285383744292574, 0.0262319620920447, 0.5242674899571742, 0.020317680033082774, 0.08134062665168575, 0.04284845603420597, 0.02798695359952899, 0.22007575432112278, 0.034066766619555516], [8.40622473670898e-05, 0.007661625802361627, 0.0030714621388401343, 0.025914844961946612, 0.00464645388129519, 0.0025583343598920643, 0.882929982969282, 0.010490581580333856, 0.06211194547429755, 0.0005307065843837254], [0.0008512654994455431, 0.02972326908558512, 0.014720884558686136, 0.0853080997787108, 0.5363116295823132, 0.011554145126304823, 0.08515464061438391, 0.016099223536451924, 0.06351313997139187, 0.15676370224672675], [2.1135783203095716e-06, 0.006172468073931114, 0.0025500656937830217, 0.0228784035089407, 0.0034654633097086687, 0.0015000522699247876, 0.01184881284685906, 0.005511887246097184, 0.062363088938203234, 0.8837076445342319], [0.4548863091920364, 0.16013426359187594, 0.011405732961762815, 0.0855450751088268, 0.015027212213636891, 0.019256702757107284, 0.19062615751917708, 0.006956806114835732, 0.04987495130863024, 0.0062867892321108385], [0.0008069795519637919, 0.10331845887767566, 0.006678458003864286, 0.14512369847113024, 0.005822449610743821, 0.017457495737875865, 0.667766118730828, 0.005276037465886566, 0.042537074438583795, 0.005213229111447843], [4.635215757157435e-05, 0.008338890724478798, 0.005093435506041312, 0.028311320480816884, 0.003725778191631435, 0.8735470127439766, 0.013297903232483884, 0.004914310539499352, 0.0617454402740407, 0.0009795561494593476], [0.00010453242617503097, 0.006797175470876789, 0.876669696105548, 0.02551771363212178, 0.004815123332221303, 0.004965526641112224, 0.012091263427558075, 0.005012522542994959, 0.06283278835639144, 0.0011936580650004159], [0.00044368465150524647, 0.02000735661061345, 0.12612224178966616, 0.29730997315586283, 0.2423340476944278, 0.07329669689608578, 0.07664870651918508, 0.05750650702254479, 0.04798297285520805, 0.05834781280490078], [0.0005813987445786833, 0.023860522448524144, 0.029147827644460205, 0.5500813867279828, 0.02184207525536142, 0.10806462115769909, 0.05248901651504505, 0.023835387538500653, 0.16323172317379758, 0.026866040794050323], [1.834276852385482e-05, 0.006958739518352805, 0.005637420515915, 0.035733986524059014, 0.00840365315204682, 0.0038348148876395875, 0.012848258527766736, 0.8420442250274911, 0.06142631822232253, 0.023094240855882617], [8.888340619599409e-05, 0.008060506777031993, 0.0158831385884119, 0.03369702395811095, 0.007014793757049466, 0.8354948306687966, 0.01469134523216516, 0.007532400622943852, 0.06173806618727593, 0.01579901080201816], [0.0005839991244857986, 0.028498966254035488, 0.02647265558244618, 0.5127730271288787, 0.04309000029008242, 0.10868507786708718, 0.04055472276828183, 0.04773419233627835, 0.1352369100951245, 0.05637044855329943], [0.003748152475955031, 0.02209030702876299, 0.0017697392443226157, 0.06497111959285326, 0.003191391394336164, 0.8234835713512926, 0.02010918751182, 0.004810380296063807, 0.053928209949102225, 0.0018979411554915129], [0.0008029066364128674, 0.011699223290892645, 0.005052522441414833, 0.031390455857668004, 0.008023693767577743, 0.0033766683398250195, 0.8695382032434533, 0.007236904037943085, 0.061508756108519365, 0.001370666276292967], [0.0190382926902316, 0.49930098830561054, 0.008080644066345614, 0.16050555419858062, 0.039579578311692634, 0.028759070330950726, 0.1975367370076477, 0.005441065349015161, 0.02875703774528393, 0.013001031994641253], [0.0019465266079926402, 0.8392992286664135, 0.004002367931888101, 0.0397007644107303, 0.004315925891316906, 0.005836124078385628, 0.03389229876621434, 0.0069772006715370745, 0.05984017637924408, 0.004189386596277328], [0.00018005854641837428, 0.010742583965205022, 0.005878243835678278, 0.902701698920279, 0.006330276137735836, 0.006484713414275697, 0.01561181213298895, 0.007249972589961172, 0.03981654035650447, 0.00500410010095324], [7.930470604591375e-05, 0.008296139072111545, 0.005502257287709709, 0.033065759226537775, 0.0048435433917402805, 0.8655241806811114, 0.01395004152032914, 0.005376574753836696, 0.06159608627771534, 0.0017661130828623875], [0.0005964488744966545, 0.020668807487917797, 0.03952216979479516, 0.5896904226826569, 0.029319622635958546, 0.06546936114179795, 0.03957423373178643, 0.03133443325376556, 0.13251374012157294, 0.05131076027525209], [0.0008950348842768466, 0.04419429908763916, 0.02339598793446186, 0.46700968291311196, 0.019471745538169525, 0.044188408315125174, 0.03174661607458783, 0.07815547383293363, 0.05175866049366121, 0.2391840909260328], [0.00022541829426214692, 0.011504334996416073, 0.6926923674890677, 0.06726764618542092, 0.0248821152266544, 0.09316551488826752, 0.019692755515056625, 0.018898091634312216, 0.05940722480295333, 0.012264530967589069], [0.02968112695145517, 0.3862068646772597, 0.018780835069412492, 0.17577234117632323, 0.03495755703437407, 0.0402452990163301, 0.26042968519482196, 0.009681524778601477, 0.029562163101648525, 0.014682602999773215], [7.228504035411215e-05, 0.007045543613573552, 0.013289414826170689, 0.026425584148862754, 0.005464531994161363, 0.8634766161914841, 0.013803948535799276, 0.005719336343845207, 0.0625155342883289, 0.0021872050174201966], [0.0005832176529402059, 0.07029254105506064, 0.007131305991091018, 0.04577886941920386, 0.005910713682443758, 0.7602144117210223, 0.03990563338484956, 0.006282200158000895, 0.05939830145401118, 0.0045028054813765804], [0.008618405689683016, 0.6464554870140308, 0.014395047856232622, 0.13982203574042099, 0.019213135435964247, 0.028837128853734916, 0.02247788565855412, 0.0501327156874711, 0.018626969248809213, 0.05142118881509903], [0.006055256126217049, 0.3829826338784728, 0.016665871003894862, 0.17788848453495312, 0.014423535543150854, 0.07241297814030077, 0.2459464036123359, 0.010313967841927842, 0.05741361794485025, 0.015897251373896394], [0.0003184720337669842, 0.015337767433990845, 0.013302576062752734, 0.3502775302224651, 0.016632694633339096, 0.01422633638361922, 0.02346702443846635, 0.014728930017580006, 0.5407852952104732, 0.010923373563546416]]]
